[HEAD]:117
VPP:49639.398438
OFFSET:0.000000
CHANNEL:1
RATEPOS:0.000025
RATENEG:0.000025
MAX:32767.000000
MIN:3147.000000
[DATA]:39
K7[±.!Í&ƒ,H28ß=žCJIÚNETƒY‹^UcÙglñovs˜vQy›{p}Ê~¦ÿÑÕ}| y­v)sonj:ez_